32.6075587 35.2890861
32.9281731 35.0756378
31.2612199 35.214581
30.67943 35.2678251
31.7977314 34.6529922
31.6644874 34.5730157
32.41806 35.04312
32.0154565 34.7505283
31.2457442 34.7925181
31.699333 35.104062
32.4967519 35.4973022
31.746214 34.9886825
32.0873899 34.8324376
31.0686612 35.0366482
29.5569348 34.9497949
32.0500659 34.9521522
31.4523959 35.3848241
32.0769463 34.8524656
32.0729606 34.8113279
32.43699 34.9198258
32.8191218 34.9983856
32.1656255 34.8469023
32.1561974 34.8930354
32.0159989 34.7859564
31.7788242 35.2257626
32.1152014 34.9752609
32.9159104 35.293429
32.1773471 34.907459
32.314504 34.9321169
32.8115853 35.1163747
32.8285812 35.0844915
31.6031494 34.7779274
31.7297152 34.7449477
32.8363747 35.0752109
32.0591691 34.8594303
33.2074733 35.5707828
32.8502229 35.0703245
31.9489012 34.8884857
31.8083657 35.2402152
33.0157394 35.2759666
32.6765744 35.2413237
30.6119687 34.8012169
31.9085744 35.0069297
31.9456824 35.1480696
33.0169767 35.1018404
32.7066301 35.3048161
31.9295577 34.7990609
32.7708797 35.0381249
32.3286181 34.8566246
31.4213546 34.5884252
32.7023065 35.3183216
31.3125831 34.6208537
32.5090151 34.9195677
32.0309712 34.8523936
32.0896928 34.8836006
32.2855059 34.9774432
32.9920262 35.6877004
32.1861481 34.8675905
31.3933637 34.7546784
32.0686867 34.8246812
32.1431276 34.8380853
31.9279988 34.8623473
31.8952532 34.8105616
32.3279306 34.8503379
32.0952929 34.9533225
32.8638052 35.3023184
31.526474 34.5969696
32.8045765 35.1723866
32.8534876 35.1978748
32.2628299 35.0085764
32.0852997 34.7818064
32.7892439 35.5213861
32.2346856 34.9544553
32.7648965 34.9699277
32.5190729 35.1541104
31.8568839 34.729583
32.0331756 34.8907527
32.6480601 35.0943545
32.9646301 35.502451